```
   period     rate   |    Mod     Arg  |     Re        Im
   11.995   0.000000 |  1.00000   0.52 |  0.86592   0.50019
   period     rate   |    Mod     Arg  |     Re        Im
   11.995   0.000542 |  1.00054   0.52 |  0.86638   0.50047
  -11.995   0.000542 |  1.00054  -0.52 |  0.86638  -0.50047
    5.999   0.000512 |  1.00051   1.05 |  0.50015   0.86653
   -5.999   0.000512 |  1.00051  -1.05 |  0.50015  -0.86653
      Inf   0.000375 |  1.00037   0.00 |  1.00037   0.00000
      Inf  -0.008308 |  0.99173  -0.00 |  0.99173  -0.00000
```