```
      [,1]   [,2]   [,3]  [,4]  [,5]     [,6] [,7]
[1,] 16472 73.537 41.096 12.29 4.674 0.044457    0
   period     rate   |    Mod     Arg  |     Re        Im
   11.998   0.000525 |  1.00053   0.52 |  0.86643   0.50035
  -11.998   0.000525 |  1.00053  -0.52 |  0.86643  -0.50035
      Inf   0.000451 |  1.00045   0.00 |  1.00045   0.00000
    5.998   0.000287 |  1.00029   1.05 |  0.49986   0.86644
   -5.998   0.000287 |  1.00029  -1.05 |  0.49986  -0.86644
      Inf  -0.004623 |  0.99539   0.00 |  0.99539   0.00000
```