```
   period     rate   |    Mod     Arg  |     Re        Im
    5.972   0.004238 |  1.00425   1.05 |  0.49781   0.87218
   -5.972   0.004238 |  1.00425  -1.05 |  0.49781  -0.87218
    2.388   0.001744 |  1.00175   2.63 | -0.87403   0.48945
   -2.388   0.001744 |  1.00175  -2.63 | -0.87403  -0.48945
    4.000   0.000359 |  1.00036   1.57 | -0.00008   1.00036
   -4.000   0.000359 |  1.00036  -1.57 | -0.00008  -1.00036
      Inf  -0.003318 |  0.99669   0.00 |  0.99669   0.00000
   12.006  -0.005931 |  0.99409   0.52 |  0.86104   0.49680
  -12.006  -0.005931 |  0.99409  -0.52 |  0.86104  -0.49680
    3.015  -0.011285 |  0.98878   2.08 | -0.48570   0.86127
   -3.015  -0.011285 |  0.98878  -2.08 | -0.48570  -0.86127
     X1      X2      X3      X4      X5      X6 
3969.23 -717.10 -927.57  105.52  137.98 -287.11 
     X7      X8      X9     X10     X11 
 215.64 -254.51 -205.12   90.44   10.95 
```