```
   period     rate   |    Mod     Arg  |     Re        Im
    5.975   0.004986 |  1.00500   1.05 |  0.49863   0.87258
   -5.975   0.004986 |  1.00500  -1.05 |  0.49863  -0.87258
    2.389   0.003402 |  1.00341   2.63 | -0.87506   0.49102
   -2.389   0.003402 |  1.00341  -2.63 | -0.87506  -0.49102
    3.998   0.000311 |  1.00031   1.57 | -0.00076   1.00031
   -3.998   0.000311 |  1.00031  -1.57 | -0.00076  -1.00031
      Inf  -0.003356 |  0.99665   0.00 |  0.99665   0.00000
   12.009  -0.005985 |  0.99403   0.52 |  0.86105   0.49669
  -12.009  -0.005985 |  0.99403  -0.52 |  0.86105  -0.49669
    3.018  -0.010620 |  0.98944   2.08 | -0.48394   0.86301
   -3.018  -0.010620 |  0.98944  -2.08 | -0.48394  -0.86301
     X1      X2      X3      X4      X5      X6 
4005.56 -721.77 -940.64   68.30  184.45 -269.52 
     X7      X8      X9     X10     X11 
 325.92 -251.10 -255.41  154.28   61.90 
```