```
       x: period       rate |        y: period       rate
          -5.000  -0.000169 |           10.003  -0.000111
           5.000  -0.000169 |          -10.003  -0.000111
           9.995   0.000175 |            4.999  -0.000093
          -9.995   0.000175 |           -4.999  -0.000093
   period     rate   |    Mod     Arg  |     Re        Im
   -5.000  -0.000169 |  0.99983  -1.26 |  0.30906  -0.95087
    5.000  -0.000169 |  0.99983   1.26 |  0.30906   0.95087
    9.995   0.000175 |  1.00017   0.63 |  0.80897   0.58814
   -9.995   0.000175 |  1.00017  -0.63 |  0.80897  -0.58814
   period     rate   |    Mod     Arg  |     Re        Im
   10.003  -0.000111 |  0.99989   0.63 |  0.80905   0.58755
  -10.003  -0.000111 |  0.99989  -0.63 |  0.80905  -0.58755
    4.999  -0.000093 |  0.99991   1.26 |  0.30879   0.95103
   -4.999  -0.000093 |  0.99991  -1.26 |  0.30879  -0.95103
```